 0 18 15 27 29 34 39 2016
 3 21 15 48 2016
 6 24 15 30 33 38 41 2016
 1 18 12 45 2016
 4 21 12 29 30 2016
 7 24 12 46 2016
 2 18  9 28 30 31 42 2016
 5 21  9 47 2016
 8 24  9 29 32 37 40 2016
 0 19 16 43 2016
 3 22 16 33 34 2016
 6 25 16 44 2016
 1 19 13 27 28 2016
 4 22 13 43 44 45 46 47 48 39 40 41 42 2016
 7 25 13 37 38 2016
 2 19 10 44 2016
 5 22 10 31 32 2016
 8 25 10 43 2016
 0 20 17 28 33 35 2016
 3 23 17 47 40 2016
 6 26 17 34 36 37 42 2016
 1 20 14 46 2016
 4 23 14 35 36 2016
 7 26 14 45 2016
 2 20 11 27 32 36 41 2016
 5 23 11 48 2016
 8 26 11 31 35 38 39 2016